g = 9.8;
m_1 = 10;
m_2 = 2;
m_3 = 3;
c_1 = 10;
c_2 = 1;


